							k=6|alpha=7.834923267364502|eta=23.114405572414398	k=8|alpha=2.5437355041503906|eta=10.01729667186737	k=9|alpha=22.79561758041382|eta=22.956351935863495	k=9|alpha=10.976530611515045|eta=2.0723745226860046	k=5|alpha=20.952129364013672|eta=1.1566326022148132	k=2|alpha=18.773624300956726|eta=12.22299337387085	k=6|alpha=18.344247341156006|eta=10.946346819400787	k=6|alpha=12.786412239074707|eta=1.0827615857124329	k=8|alpha=23.900841176509857|eta=14.281478524208069	k=7|alpha=6.411287188529968|eta=1.2864291667938232	k=4|alpha=15.148814022541046|eta=15.09125679731369	k=5|alpha=7.660159468650818|eta=5.245231091976166	k=8|alpha=21.51350826025009|eta=10.181988775730133	k=3|alpha=0.48968493938446045|eta=18.004269897937775	k=7|alpha=19.748961925506592|eta=24.617062509059906	k=1|alpha=16.56314730644226|eta=14.513733983039856	k=4|alpha=7.068230211734772|eta=7.971885800361633	k=6|alpha=2.571439743041992|eta=23.62164556980133	k=6|alpha=5.420941114425659|eta=21.73839658498764	k=6|alpha=22.833138704299927|eta=12.774457037448883	k=8|alpha=8.09173732995987|eta=15.418446063995361	k=3|alpha=8.165039122104645|eta=21.061895787715912	k=3|alpha=24.413830041885376|eta=5.30707985162735	k=5|alpha=21.687497198581696|eta=12.274064123630524	k=2|alpha=21.28564566373825|eta=18.43435913324356	k=3|alpha=17.79915690422058|eta=8.090542256832123	k=7|alpha=19.23314481973648|eta=14.148557186126709	k=9|alpha=14.888620376586914|eta=21.776767075061798	k=8|alpha=23.845426738262177|eta=8.756345510482788	k=1|alpha=3.991404175758362|eta=6.313809752464294	k=9|alpha=5.029964447021484|eta=14.828258752822876	k=3|alpha=8.102771639823914|eta=7.419312000274658	k=2|alpha=7.7717795968055725|eta=12.635327875614166	k=3|alpha=24.194979667663574|eta=12.57699429988861	k=9|alpha=16.694314777851105|eta=21.06894552707672	k=3|alpha=2.2137880325317383|eta=0.6434008479118347	k=5|alpha=13.6069655418396|eta=0.25446265935897827	k=5|alpha=19.033199548721313|eta=8.06184858083725	k=9|alpha=20.566339790821075|eta=0.6993547081947327	k=8|alpha=22.179917991161346|eta=6.237679719924927	k=6|alpha=4.530951380729675|eta=1.2699559330940247	k=9|alpha=11.020688712596893|eta=18.57936531305313	k=7|alpha=2.1806538105010986|eta=23.433244228363037	k=4|alpha=15.116602182388306|eta=12.123119831085205	k=5|alpha=7.005411386489868|eta=4.717333614826202	
k=6|alpha=7.834923267364502|eta=23.114405572414398		0.0 0.0015792882 0.0015928717 0.0015929007 0.004189006 0.0030791403 0.0016763688 0.0016763962 0.0015814768 0.0015814805 0.0017119077 0.0017119077 0.0016168146 0.0015793288 0.0015848035 0.0015848036 0.002400082 0.0015795331 0.0015790531 0.0015790534 0.0015795366 0.0015795368 0.0016917118 0.0017043179 0.0017043316 0.002152933 0.0015901242 0.0015901242 0.0015903357 0.0016543891 0.0015790525 0.0015790527 0.0029750739 0.0021197964 0.0015888085 0.0015888085 0.06614482 0.002033577 0.0020336134 0.0018266783 0.0018266845 0.0015837012 0.0015830437 0.0015830438 0.0018490276 
k=8|alpha=2.5437355041503906|eta=10.01729667186737		0.0015792882 0.0 0.0015928604 0.0016786357 0.0041887695 0.0030789517 0.0016763166 0.0016763438 0.0015939458 0.0015939522 0.0017118467 0.0017118467 0.0016167819 0.0015793274 0.0016522229 0.0016522233 0.0023999377 0.0016234197 0.0016115623 0.0015790435 0.0015795246 0.0015795248 0.0016916555 0.0017042586 0.0017042723 0.0021528108 0.0015901031 0.0015901031 0.0015903258 0.001654343 0.001614788 0.0016147904 0.0029748909 0.0021196774 0.0016662651 0.0016662653 0.06614375 0.0020334672 0.002033504 0.001826596 0.0018266023 0.0016477739 0.0016449286 0.001644929 0.0018489418 
k=9|alpha=22.79561758041382|eta=22.956351935863495		0.0015928717 0.0015928604 0.0 0.0016783207 0.0045353337 0.0033461624 0.001756979 0.0017570147 0.0016083927 0.001608403 0.0018032554 0.0018032554 0.0016733818 0.0015912616 0.0016519568 0.0016519572 0.0026020678 0.0016232159 0.0016113885 0.0015966311 0.0016009145 0.0016009152 0.001777164 0.0017935064 0.0017935241 0.0023245856 0.0016284764 0.0015854108 0.0015854109 0.0017273383 0.0016146055 0.0016146081 0.0032332733 0.0022869154 0.0016659723 0.0016659725 0.067806035 0.0021882025 0.0021882444 0.0019452317 0.0019452393 0.0016475167 0.0016446772 0.0016446777 0.0019720704 
k=9|alpha=10.976530611515045|eta=2.0723745226860046		0.0015929007 0.0016786357 0.0016783207 0.0 0.004535066 0.003345963 0.0017569141 0.0032455996 0.0040139593 0.003577814 0.003108452 0.0018031826 0.0017306784 0.0016798157 0.0016798157 0.0016540677 0.0026019148 0.0020154912 0.0041617365 0.003483747 0.0034837683 0.0031831786 0.0017770956 0.0017934353 0.002256917 0.0023244545 0.0016388689 0.003838998 0.0033469626 0.003346984 0.0041859085 0.0015951082 0.0032330814 0.0022867876 0.002296739 0.004508283 0.06780496 0.0024116011 0.0024116745 0.0027853635 0.0027854876 0.004402875 0.0043858206 0.002735606 0.0019719745 
k=5|alpha=20.952129364013672|eta=1.1566326022148132		0.004189006 0.0041887695 0.0045353337 0.004535066 0.0 0.001637756 0.010981643 0.0032165335 0.003978686 0.0035601496 0.0030806013 0.011552025 0.011553422 0.011213647 0.011213647 0.006508953 0.013067275 0.013068849 0.020074692 0.018204497 0.018204559 0.017310683 0.0073069013 0.007306915 0.014111371 0.010921146 0.010922979 0.01920603 0.017803684 0.0033170355 0.020138387 0.010198433 0.010199873 0.011252405 0.014270717 0.014835012 0.042365946 0.014715039 0.0023908743 0.0027605721 0.0027607002 0.0043647573 0.020658577 0.015872464 0.010684461 
k=2|alpha=18.773624300956726|eta=12.22299337387085		0.0030791403 0.0030789517 0.0033461624 0.003345963 0.001637756 0.0 0.010747008 0.0023620767 0.002919914 0.0029199615 0.0027762104 0.011310339 0.011311612 0.010977455 0.010977455 0.006339135 0.012807228 0.012808834 0.019740766 0.017888958 0.017889017 0.017004222 0.007123915 0.007124153 0.013839334 0.01068746 0.010689046 0.018880542 0.017492196 0.0024333622 0.019803846 0.009974068 0.009975489 0.011014415 0.013996868 0.014781019 0.04756603 0.014436268 0.0018186317 0.0020507388 0.0020508203 0.0032145341 0.020319067 0.015581096 0.010453673 
k=6|alpha=18.344247341156006|eta=10.946346819400787		0.0016763688 0.0016763166 0.001756979 0.0017569141 0.010981643 0.010747008 0.0 0.002361736 0.0029194688 0.0029195163 0.0022667143 0.0015592672 0.0015759545 0.0015759595 0.0017215239 0.0021518094 0.0018918457 0.001680996 0.0030305998 0.00253042 0.0025304353 0.0023182756 0.0019065466 0.0019071234 0.0017305451 0.0017422065 0.0016077998 0.0027893025 0.0024329934 0.0024330071 0.0030488744 0.0016683075 0.0022861105 0.0017236412 0.0017525726 0.003294978 0.060942978 0.0018183899 0.0018184314 0.0020504703 0.0020505532 0.003214041 0.0032009874 0.0020182894 0.0015945357 
k=6|alpha=12.786412239074707|eta=1.0827615857124329		0.0016763962 0.0016763438 0.0017570147 0.0032455996 0.0032165335 0.0023620767 0.002361736 0.0 0.0016357997 0.002084628 0.00209735 0.009380071 0.00938129 0.009079736 0.009079736 0.0049963742 0.010731181 0.010732673 0.017089775 0.015378819 0.01537887 0.014564221 0.005673547 0.005673547 0.011668312 0.008821091 0.008822614 0.016294032 0.015013263 0.0015608687 0.01714819 0.008183613 0.008184841 0.0091143 0.0118117025 0.017322902 0.060942303 0.0122120585 0.0016775691 0.0015865985 0.0015866007 0.0017153071 0.017625595 0.013258264 0.008611818 
k=8|alpha=23.900841176509857|eta=14.281478524208069		0.0015814768 0.0015939458 0.0016083927 0.0040139593 0.003978686 0.002919914 0.0029194688 0.0016357997 0.0 0.002068627 0.002076175 0.009322283 0.009323495 0.009023665 0.009023665 0.0049569593 0.010668679 0.010670215 0.017008202 0.0153020155 0.015302067 0.014489768 0.0056308145 0.0056308145 0.011602722 0.008765346 0.008766794 0.016214652 0.014937509 0.0016187159 0.017066458 0.008130217 0.008131451 0.009057442 0.011745665 0.01728378 0.06509521 0.012144773 0.0019458055 0.0017618979 0.0017619034 0.0015927469 0.017542573 0.013187704 0.008556844 
k=7|alpha=6.411287188529968|eta=1.2864291667938232		0.0015814805 0.0015939522 0.001608403 0.003577814 0.0035601496 0.0029199615 0.0029195163 0.002084628 0.002068627 0.0 0.0016644708 0.0052681216 0.0052689556 0.0050581596 0.0050581596 0.002477005 0.0062235515 0.006224602 0.011019902 0.00969196 0.009692003 0.009067997 0.0028621012 0.0028621012 0.006902708 0.0048823697 0.004883513 0.010399534 0.009411244 0.002220633 0.011065621 0.0044506905 0.0044514528 0.0050839474 0.007007665 0.011666614 0.065094754 0.007302137 0.0022238698 0.0022745123 0.0017618742 0.0015927418 0.011440155 0.008080417 0.004739744 
k=4|alpha=15.148814022541046|eta=15.09125679731369		0.0017119077 0.0017118467 0.0018032554 0.003108452 0.0030806013 0.0027762104 0.0022667143 0.00209735 0.002076175 0.0016644708 0.0 0.0052453 0.005246145 0.0050370325 0.0050370325 0.0024650642 0.0061978363 0.0061989017 0.010982089 0.00965726 0.0096573075 0.00903481 0.0028482764 0.0028483912 0.0068750926 0.0048608324 0.004861802 0.010363162 0.009377227 0.0022042138 0.011027703 0.004430454 0.00443135 0.005061686 0.0069797738 0.011627321 0.06012853 0.007273439 0.0022091311 0.0022599497 0.001568105 0.0017563674 0.011401379 0.008049709 0.0047186664 
k=5|alpha=7.660159468650818|eta=5.245231091976166		0.0017119077 0.0017118467 0.0018032554 0.0018031826 0.011552025 0.011310339 0.0015592672 0.009380071 0.009322283 0.0052681216 0.0052453 0.0 0.0015893339 0.001589341 0.0017632607 0.0023136702 0.0018303326 0.0017171031 0.0028212925 0.0023611395 0.0023611537 0.0021689069 0.0020377496 0.0020384158 0.0016574439 0.0016963308 0.0016305281 0.0025983262 0.0022725754 0.0022725877 0.0028382398 0.0017024653 0.0021956123 0.0016801023 0.001680118 0.00306718 0.06012853 0.0017302255 0.0017302609 0.0019303844 0.001930457 0.0029917497 0.0029795961 0.001902163 0.0015737123 
k=8|alpha=21.51350826025009|eta=10.181988775730133		0.0016168146 0.0016167819 0.0016733818 0.0017306784 0.011553422 0.011311612 0.0015759545 0.00938129 0.009323495 0.0052689556 0.005246145 0.0015893339 0.0 0.0015658907 0.0016476737 0.0023134674 0.0020495795 0.0016198101 0.0028207311 0.0023606946 0.0023607088 0.0021685183 0.0020375885 0.0020382486 0.0016572658 0.0018649314 0.0015767076 0.0025978184 0.0022721556 0.002272168 0.0028376745 0.0016115061 0.0025087346 0.0018411351 0.0016752726 0.0030665637 0.06278633 0.0017806566 0.0017806819 0.0019300783 0.00193015 0.0029911497 0.002978999 0.0019018676 0.0016611735 
k=3|alpha=0.48968493938446045|eta=18.004269897937775		0.0015793288 0.0015793274 0.0015912616 0.0016798157 0.011213647 0.010977455 0.0015759595 0.009079736 0.009023665 0.0050581596 0.0050370325 0.001589341 0.0015658907 0.0 0.0016476623 0.0022157666 0.0024134957 0.001619801 0.0029554926 0.0024694083 0.002469424 0.0022643774 0.001958443 0.0019590107 0.0017100819 0.0021643802 0.0015920912 0.0027206165 0.0023751394 0.002375154 0.0029733046 0.0016114977 0.002991986 0.0021309413 0.0017249987 0.0032134561 0.066209815 0.002043887 0.0020439248 0.0020071429 0.002007228 0.0031344227 0.0031216808 0.0019764048 0.0018571783 
k=7|alpha=19.748961925506592|eta=24.617062509059906		0.0015848035 0.0016522229 0.0016519568 0.0016798157 0.011213647 0.010977455 0.0017215239 0.009079736 0.009023665 0.0050581596 0.0050370325 0.0017632607 0.0016476737 0.0016476623 0.0 0.0022157666 0.0025166892 0.0015922321 0.0029554926 0.0024694083 0.002469424 0.0022643774 0.001958443 0.0019590107 0.0017544148 0.0022516493 0.0016102241 0.0027206165 0.0023751394 0.002375154 0.0029733046 0.0015860113 0.0031248385 0.0022158388 0.0017249987 0.0032134561 0.06712235 0.0021222506 0.0021222902 0.0020071429 0.002007228 0.0031344227 0.0031216808 0.0019764048 0.0019190743 
k=1|alpha=16.56314730644226|eta=14.513733983039856		0.0015848036 0.0016522233 0.0016519572 0.0016540677 0.006508953 0.006339135 0.0021518094 0.0049963742 0.0049569593 0.002477005 0.0024650642 0.0023136702 0.0023134674 0.0022157666 0.0022157666 0.0 0.0027935235 0.0027941093 0.005713027 0.004845566 0.004845594 0.004450697 0.0017395884 0.0017543981 0.00316298 0.0022516479 0.002135879 0.005303534 0.0046668146 0.0046668383 0.005743479 0.0019505202 0.0031248364 0.0022268863 0.0032218113 0.0061470494 0.06712234 0.0033890826 0.003389183 0.0039141513 0.0034769706 0.0035105716 0.0059942817 0.0038456232 0.0020725445 
k=4|alpha=7.068230211734772|eta=7.971885800361633		0.002400082 0.0023999377 0.0026020678 0.0026019148 0.013067275 0.012807228 0.0018918457 0.010731181 0.010668679 0.0062235515 0.0061978363 0.0018303326 0.0020495795 0.0024134957 0.0025166892 0.0027935235 0.0 0.0015178615 0.002364444 0.0020055894 0.0020056001 0.0018637419 0.0018637419 0.0018425384 0.0015452397 0.0015452397 0.0016140945 0.002187871 0.0019394511 0.0019394604 0.002378032 0.001701891 0.0015841208 0.0015531024 0.0015531137 0.0025635306 0.052046936 0.0015799149 0.0015799332 0.0016993119 0.0016993589 0.002502038 0.0024921629 0.0016811095 0.001639472 
k=6|alpha=2.571439743041992|eta=23.62164556980133		0.0015795331 0.0016234197 0.0016232159 0.0020154912 0.013068849 0.012808834 0.001680996 0.010732673 0.010670215 0.006224602 0.0061989017 0.0017171031 0.0016198101 0.001619801 0.0015922321 0.0027941093 0.0015178615 0.0 0.0023639386 0.0020052143 0.002005225 0.00186343 0.00186343 0.001842237 0.0017093931 0.0021632486 0.0016140945 0.0021874257 0.0019391043 0.0019391135 0.0023775224 0.001701891 0.002990908 0.002129823 0.0015879503 0.0025629636 0.06625028 0.0020428074 0.0020428442 0.0018336102 0.0018336165 0.0025014894 0.0024916173 0.0016809014 0.0018562456 
k=6|alpha=5.420941114425659|eta=21.73839658498764		0.0015790531 0.0016115623 0.0016113885 0.0041617365 0.020074692 0.019740766 0.0030305998 0.017089775 0.017008202 0.011019902 0.010982089 0.0028212925 0.0028207311 0.0029554926 0.0029554926 0.005713027 0.002364444 0.0023639386 0.0 0.0015795457 0.0015802718 0.001580272 0.0016965319 0.0017093758 0.0017093897 0.0021632419 0.001591944 0.0015893785 0.001593606 0.0016584136 0.0015794487 0.0015794487 0.0029908975 0.0021298162 0.0015917908 0.0015917908 0.06625022 0.0020428011 0.002042838 0.0018336056 0.0018336119 0.0015855022 0.0015846516 0.0015846518 0.0018562407 
k=6|alpha=22.833138704299927|eta=12.774457037448883		0.0015790534 0.0015790435 0.0015966311 0.003483747 0.018204497 0.017888958 0.00253042 0.015378819 0.0153020155 0.00969196 0.00965726 0.0023611395 0.0023606946 0.0024694083 0.0024694083 0.004845566 0.0020055894 0.0020052143 0.0015795457 0.0 0.0015778161 0.0015778162 0.0016777846 0.0016896784 0.0016896913 0.002122572 0.0015851734 0.0015851734 0.001593606 0.0016428459 0.0016237873 0.0016237901 0.0029282153 0.0020902995 0.001679519 0.0016795192 0.065830626 0.002006462 0.0020064975 0.0018064403 0.0018064462 0.0016596628 0.0016565943 0.0016408649 0.0018279337 
k=8|alpha=8.09173732995987|eta=15.418446063995361		0.0015795366 0.0015795246 0.0016009145 0.0034837683 0.018204559 0.017889017 0.0025304353 0.01537887 0.015302067 0.009692003 0.0096573075 0.0023611537 0.0023607088 0.002469424 0.002469424 0.004845594 0.0020056001 0.002005225 0.0015802718 0.0015778161 0.0 0.0015768843 0.0016651851 0.0016763983 0.0016764106 0.002094271 0.001582211 0.0015822131 0.0015974627 0.0016325236 0.0016237838 0.0016237866 0.0028841472 0.0020628243 0.001679514 0.0016795142 0.06553089 0.0019812626 0.001981297 0.0017878115 0.0017878173 0.0016596583 0.0016565899 0.0016408595 0.0018084872 
k=3|alpha=8.165039122104645|eta=21.061895787715912		0.0015795368 0.0015795248 0.0016009152 0.0031831786 0.017310683 0.017004222 0.0023182756 0.014564221 0.014489768 0.009067997 0.00903481 0.0021689069 0.0021685183 0.0022643774 0.0022643774 0.004450697 0.0018637419 0.00186343 0.001580272 0.0015778162 0.0015768843 0.0 0.0016651835 0.0016763965 0.0016764088 0.002094267 0.0016173276 0.0016173315 0.001597461 0.0016325222 0.001682964 0.001682968 0.0028841414 0.0020628206 0.0017033551 0.001759711 0.06553085 0.001981259 0.0019812935 0.0017878091 0.0017878148 0.0017331115 0.0017289408 0.0015869066 0.0018084846 
k=3|alpha=24.413830041885376|eta=5.30707985162735		0.0016917118 0.0016916555 0.001777164 0.0017770956 0.0073069013 0.007123915 0.0019065466 0.005673547 0.0056308145 0.0028621012 0.0028482764 0.0020377496 0.0020375885 0.001958443 0.001958443 0.0017395884 0.0018637419 0.00186343 0.0016965319 0.0016777846 0.0016651851 0.0016651835 0.0 0.0015564086 0.0027606029 0.0018939936 0.0018943787 0.0046813316 0.0041015823 0.004101604 0.0050846343 0.0017491592 0.0022446283 0.001967633 0.002811954 0.0054562194 0.060575217 0.0029586055 0.002958695 0.003424131 0.003424284 0.004039459 0.0053153904 0.0033629898 0.001844092 
k=5|alpha=21.687497198581696|eta=12.274064123630524		0.0017043179 0.0017042586 0.0017935064 0.0017934353 0.007306915 0.007124153 0.0019071234 0.005673547 0.0056308145 0.0028621012 0.0028483912 0.0020384158 0.0020382486 0.0019590107 0.0019590107 0.0017543981 0.0018425384 0.001842237 0.0017093758 0.0016896784 0.0016763983 0.0016763965 0.0015564086 0.0 0.0027606029 0.0018939936 0.0018943787 0.0046813316 0.0041015823 0.004101604 0.0050846343 0.0017491592 0.0022133712 0.001967633 0.002811954 0.0054562194 0.060291946 0.0029586055 0.002958695 0.003424131 0.003424284 0.004038043 0.0053153904 0.0033629898 0.001844092 
k=2|alpha=21.28564566373825|eta=18.43435913324356		0.0017043316 0.0017042723 0.0017935241 0.002256917 0.014111371 0.013839334 0.0017305451 0.011668312 0.011602722 0.006902708 0.0068750926 0.0016574439 0.0016572658 0.0017100819 0.0017544148 0.00316298 0.0015452397 0.0017093931 0.0017093897 0.0016896913 0.0016764106 0.0016764088 0.0027606029 0.0027606029 0.0 0.0017050995 0.0017391448 0.001976272 0.0017783087 0.0017783159 0.0021339678 0.0018622669 0.0022133414 0.0016884017 0.001688418 0.0022911164 0.060291704 0.0016474865 0.0016475033 0.0016047462 0.0016047765 0.0022387195 0.0022303315 0.0015930795 0.0015930795 
k=3|alpha=17.79915690422058|eta=8.090542256832123		0.002152933 0.0021528108 0.0023245856 0.0023244545 0.010921146 0.01068746 0.0017422065 0.008821091 0.008765346 0.0048823697 0.0048608324 0.0016963308 0.0018649314 0.0021643802 0.0022516493 0.0022516479 0.0015452397 0.0021632486 0.0021632419 0.002122572 0.002094271 0.002094267 0.0018939936 0.0018939936 0.0017050995 0.0 0.0017391266 0.002810932 0.002451313 0.0024513267 0.0030726346 0.0018622447 0.0016934619 0.0015294662 0.0017618797 0.0033205994 0.054205943 0.0018288919 0.0018289348 0.0020644253 0.0020645082 0.0032390654 0.003225914 0.0020318152 0.0015930795 
k=7|alpha=19.23314481973648|eta=14.148557186126709		0.0015901242 0.0015901031 0.0016284764 0.0016388689 0.010922979 0.010689046 0.0016077998 0.008822614 0.008766794 0.004883513 0.004861802 0.0016305281 0.0015767076 0.0015920912 0.0016102241 0.002135879 0.0016140945 0.0016140945 0.001591944 0.0015851734 0.001582211 0.0016173276 0.0018943787 0.0018943787 0.0017391448 0.0017391266 0.0 0.0028102058 0.0024507034 0.002450717 0.003071832 0.0015869598 0.0026957067 0.001948515 0.0017615733 0.0033197287 0.06420008 0.0018771208 0.0018771508 0.0020639647 0.0020640478 0.0032382165 0.0032250688 0.0020313694 0.0017300466 
k=9|alpha=14.888620376586914|eta=21.776767075061798		0.0015901242 0.0015901031 0.0015854108 0.003838998 0.01920603 0.018880542 0.0027893025 0.016294032 0.016214652 0.010399534 0.010363162 0.0025983262 0.0025978184 0.0027206165 0.0027206165 0.005303534 0.002187871 0.0021874257 0.0015893785 0.0015851734 0.0015822131 0.0016173315 0.0046813316 0.0046813316 0.001976272 0.002810932 0.0028102058 0.0 0.0015948347 0.0017180624 0.0015922696 0.0015922696 0.0032030926 0.0022670107 0.0016197759 0.001619776 0.06761775 0.0021697076 0.0021697488 0.001930808 0.0019308154 0.0016072717 0.0016054051 0.0016054054 0.00195714 
k=8|alpha=23.845426738262177|eta=8.756345510482788		0.0015903357 0.0015903258 0.0015854109 0.0033469626 0.017803684 0.017492196 0.0024329934 0.015013263 0.014937509 0.009411244 0.009377227 0.0022725754 0.0022721556 0.0023751394 0.0023751394 0.0046668146 0.0019394511 0.0019391043 0.001593606 0.001593606 0.0015974627 0.001597461 0.0041015823 0.0041015823 0.0017783087 0.002451313 0.0024507034 0.0015948347 0.0 0.0017180617 0.0016471281 0.0016471315 0.0032030907 0.0022670096 0.0017122146 0.0017122149 0.067617744 0.0021697064 0.0021697476 0.001930807 0.0019308145 0.0016893568 0.0016857976 0.0016127635 0.001957139 
k=1|alpha=3.991404175758362|eta=6.313809752464294		0.0016543891 0.001654343 0.0017273383 0.003346984 0.0033170355 0.0024333622 0.0024330071 0.0015608687 0.0016187159 0.002220633 0.0022042138 0.0022725877 0.002272168 0.002375154 0.002375154 0.0046668383 0.0019394604 0.0019391135 0.0016584136 0.0016428459 0.0016325236 0.0016325222 0.004101604 0.004101604 0.0017783159 0.0024513267 0.002450717 0.0017180624 0.0017180617 0.0 0.017695148 0.008539131 0.008540395 0.009494171 0.012254759 0.016617928 0.061527632 0.012663775 0.0017074478 0.001603197 0.0016031995 0.0016893512 0.01818088 0.013731778 0.008978791 
k=9|alpha=5.029964447021484|eta=14.828258752822876		0.0015790525 0.001614788 0.0016146055 0.0041859085 0.020138387 0.019803846 0.0030488744 0.01714819 0.017066458 0.011065621 0.011027703 0.0028382398 0.0028376745 0.0029733046 0.0029733046 0.005743479 0.002378032 0.0023775224 0.0015794487 0.0016237873 0.0016237838 0.001682964 0.0050846343 0.0050846343 0.0021339678 0.0030726346 0.003071832 0.0015922696 0.0016471281 0.017695148 0.0 0.0015785191 0.0029458667 0.0021013771 0.0015905651 0.0015905652 0.06594956 0.0020166377 0.0020166736 0.0018140125 0.0018140187 0.0015847267 0.0015839497 0.0015839498 0.0018358299 
k=3|alpha=8.102771639823914|eta=7.419312000274658		0.0015790527 0.0016147904 0.0016146081 0.0015951082 0.010198433 0.009974068 0.0016683075 0.008183613 0.008130217 0.0044506905 0.004430454 0.0017024653 0.0016115061 0.0016114977 0.0015860113 0.0019505202 0.001701891 0.001701891 0.0015794487 0.0016237901 0.0016237866 0.001682968 0.0017491592 0.0017491592 0.0018622669 0.0018622447 0.0015869598 0.0015922696 0.0016471315 0.008539131 0.0015785191 0.0 0.0029458667 0.0021013771 0.0018903835 0.0036472378 0.06594956 0.0020166377 0.0020166736 0.0022494358 0.0022495321 0.0035584634 0.0035441285 0.0022116192 0.0018358299 
k=2|alpha=7.7717795968055725|eta=12.635327875614166		0.0029750739 0.0029748909 0.0032332733 0.0032330814 0.010199873 0.009975489 0.0022861105 0.008184841 0.008131451 0.0044514528 0.00443135 0.0021956123 0.0025087346 0.002991986 0.0031248385 0.0031248364 0.0015841208 0.002990908 0.0029908975 0.0029282153 0.0028841472 0.0028841414 0.0022446283 0.0022133712 0.0022133414 0.0016934619 0.0026957067 0.0032030926 0.0032030907 0.008540395 0.0029458667 0.0029458667 0.0 0.0015214618 0.001890072 0.0036464795 0.04816214 0.0019715861 0.0019716364 0.002249 0.0022490958 0.0035577219 0.0035433897 0.0022111945 0.0015033117 
k=3|alpha=24.194979667663574|eta=12.57699429988861		0.0021197964 0.0021196774 0.0022869154 0.0022867876 0.011252405 0.011014415 0.0017236412 0.0091143 0.009057442 0.0050839474 0.005061686 0.0016801023 0.0018411351 0.0021309413 0.0022158388 0.0022268863 0.0015531024 0.002129823 0.0021298162 0.0020902995 0.0020628243 0.0020628206 0.001967633 0.001967633 0.0016884017 0.0015294662 0.001948515 0.0022670107 0.0022670096 0.009494171 0.0021013771 0.0021013771 0.0015214618 0.0 0.0017136603 0.0031840105 0.054532137 0.0017741917 0.0017742305 0.0019910075 0.0019910852 0.0031057065 0.0030930832 0.0019607197 0.0015837731 
k=9|alpha=16.694314777851105|eta=21.06894552707672		0.0015888085 0.0016662651 0.0016659723 0.002296739 0.014270717 0.013996868 0.0017525726 0.0118117025 0.011745665 0.007007665 0.0069797738 0.001680118 0.0016752726 0.0017249987 0.0017249987 0.0032218113 0.0015531137 0.0015879503 0.0015917908 0.001679519 0.001679514 0.0017033551 0.002811954 0.002811954 0.001688418 0.0017618797 0.0017615733 0.0016197759 0.0017122146 0.012254759 0.0015905651 0.0018903835 0.001890072 0.0017136603 0.0 0.002254326 0.0674961 0.002157899 0.00215794 0.0019216299 0.0019216372 0.0022032843 0.0021951178 0.0015846234 0.0019476345 
k=3|alpha=2.2137880325317383|eta=0.6434008479118347		0.0015888085 0.0016662653 0.0016659725 0.004508283 0.014835012 0.014781019 0.003294978 0.017322902 0.01728378 0.011666614 0.011627321 0.00306718 0.0030665637 0.0032134561 0.0032134561 0.0061470494 0.0025635306 0.0025629636 0.0015917908 0.0016795192 0.0016795142 0.001759711 0.0054562194 0.0054562194 0.0022911164 0.0033205994 0.0033197287 0.001619776 0.0017122149 0.016617928 0.0015905652 0.0036472378 0.0036464795 0.0031840105 0.002254326 0.0 0.067496076 0.0064923936 0.01697938 0.016998863 0.02146125 0.021486549 0.066916674 0.057755187 0.04690802 
k=5|alpha=13.6069655418396|eta=0.25446265935897827		0.06614482 0.06614375 0.067806035 0.06780496 0.042365946 0.04756603 0.060942978 0.060942303 0.06509521 0.065094754 0.06012853 0.06012853 0.06278633 0.066209815 0.06712235 0.06712234 0.052046936 0.06625028 0.06625022 0.065830626 0.06553089 0.06553085 0.060575217 0.060291946 0.060291704 0.054205943 0.06420008 0.06761775 0.067617744 0.061527632 0.06594956 0.06594956 0.04816214 0.054532137 0.0674961 0.067496076 0.0 0.009134283 0.033360403 0.033388548 0.039414883 0.03943743 0.09568027 0.0847327 0.07158637 
k=5|alpha=19.033199548721313|eta=8.06184858083725		0.002033577 0.0020334672 0.0021882025 0.0024116011 0.014715039 0.014436268 0.0018183899 0.0122120585 0.012144773 0.007302137 0.007273439 0.0017302255 0.0017806566 0.002043887 0.0021222506 0.0033890826 0.0015799149 0.0020428074 0.0020428011 0.002006462 0.0019812626 0.001981259 0.0029586055 0.0029586055 0.0016474865 0.0018288919 0.0018771208 0.0021697076 0.0021697064 0.012663775 0.0020166377 0.0020166377 0.0019715861 0.0017741917 0.002157899 0.0064923936 0.009134283 0.0 0.03287862 0.032935288 0.03883978 0.038853668 0.09426676 0.0834808 0.070525475 
k=9|alpha=20.566339790821075|eta=0.6993547081947327		0.0020336134 0.002033504 0.0021882444 0.0024116745 0.0023908743 0.0018186317 0.0018184314 0.0016775691 0.0019458055 0.0022238698 0.0022091311 0.0017302609 0.0017806819 0.0020439248 0.0021222902 0.003389183 0.0015799332 0.0020428442 0.002042838 0.0020064975 0.001981297 0.0019812935 0.002958695 0.002958695 0.0016475033 0.0018289348 0.0018771508 0.0021697488 0.0021697476 0.0017074478 0.0020166736 0.0020166736 0.0019716364 0.0017742305 0.00215794 0.01697938 0.033360403 0.03287862 0.0 0.0015711591 0.0016023112 0.0021106347 0.01835487 0.013883038 0.009101465 
k=8|alpha=22.179917991161346|eta=6.237679719924927		0.0018266783 0.001826596 0.0019452317 0.0027853635 0.0027605721 0.0020507388 0.0020504703 0.0015865985 0.0017618979 0.0022745123 0.0022599497 0.0019303844 0.0019300783 0.0020071429 0.0020071429 0.0039141513 0.0016993119 0.0018336102 0.0018336056 0.0018064403 0.0017878115 0.0017878091 0.003424131 0.003424131 0.0016047462 0.0020644253 0.0020639647 0.001930808 0.001930807 0.001603197 0.0018140125 0.0022494358 0.002249 0.0019910075 0.0019216299 0.016998863 0.033388548 0.032935288 0.0015711591 0.0 0.0016023112 0.0018851964 0.018327923 0.013860966 0.009085365 
k=6|alpha=4.530951380729675|eta=1.2699559330940247		0.0018266845 0.0018266023 0.0019452393 0.0027854876 0.0027607002 0.0020508203 0.0020505532 0.0015866007 0.0017619034 0.0017618742 0.001568105 0.001930457 0.00193015 0.002007228 0.002007228 0.0034769706 0.0016993589 0.0018336165 0.0018336119 0.0018064462 0.0017878173 0.0017878148 0.003424284 0.003424284 0.0016047765 0.0020645082 0.0020640478 0.0019308154 0.0019308145 0.0016031995 0.0018140187 0.0022495321 0.0022490958 0.0019910852 0.0019216372 0.02146125 0.039414883 0.03883978 0.0016023112 0.0016023112 0.0 0.0018851289 0.0142729 0.0104205925 0.006441148 
k=9|alpha=11.020688712596893|eta=18.57936531305313		0.0015837012 0.0016477739 0.0016475167 0.004402875 0.0043647573 0.0032145341 0.003214041 0.0017153071 0.0015927469 0.0015927418 0.0017563674 0.0029917497 0.0029911497 0.0031344227 0.0031344227 0.0035105716 0.002502038 0.0025014894 0.0015855022 0.0016596628 0.0016596583 0.0017331115 0.004039459 0.004038043 0.0022387195 0.0032390654 0.0032382165 0.0016072717 0.0016893568 0.0016893512 0.0015847267 0.0035584634 0.0035577219 0.0031057065 0.0022032843 0.021486549 0.03943743 0.038853668 0.0021106347 0.0018851964 0.0018851289 0.0 0.014258845 0.010408914 0.0064325198 
k=7|alpha=2.1806538105010986|eta=23.433244228363037		0.0015830437 0.0016449286 0.0016446772 0.0043858206 0.020658577 0.020319067 0.0032009874 0.017625595 0.017542573 0.011440155 0.011401379 0.0029795961 0.002978999 0.0031216808 0.0031216808 0.0059942817 0.0024921629 0.0024916173 0.0015846516 0.0016565943 0.0016565899 0.0017289408 0.0053153904 0.0053153904 0.0022303315 0.003225914 0.0032250688 0.0016054051 0.0016857976 0.01818088 0.0015839497 0.0035441285 0.0035433897 0.0030930832 0.0021951178 0.066916674 0.09568027 0.09426676 0.01835487 0.018327923 0.0142729 0.014258845 0.0 0.0015824343 0.0019097863 
k=4|alpha=15.116602182388306|eta=12.123119831085205		0.0015830438 0.001644929 0.0016446777 0.002735606 0.015872464 0.015581096 0.0020182894 0.013258264 0.013187704 0.008080417 0.008049709 0.001902163 0.0019018676 0.0019764048 0.0019764048 0.0038456232 0.0016811095 0.0016809014 0.0015846518 0.0016408649 0.0016408595 0.0015869066 0.0033629898 0.0033629898 0.0015930795 0.0020318152 0.0020313694 0.0016054054 0.0016127635 0.013731778 0.0015839498 0.0022116192 0.0022111945 0.0019607197 0.0015846234 0.057755187 0.0847327 0.0834808 0.013883038 0.013860966 0.0104205925 0.010408914 0.0015824343 0.0 0.0019037742 
k=5|alpha=7.005411386489868|eta=4.717333614826202		0.0018490276 0.0018489418 0.0019720704 0.0019719745 0.010684461 0.010453673 0.0015945357 0.008611818 0.008556844 0.004739744 0.0047186664 0.0015737123 0.0016611735 0.0018571783 0.0019190743 0.0020725445 0.001639472 0.0018562456 0.0018562407 0.0018279337 0.0018084872 0.0018084846 0.001844092 0.001844092 0.0015930795 0.0015930795 0.0017300466 0.00195714 0.001957139 0.008978791 0.0018358299 0.0018358299 0.0015033117 0.0015837731 0.0019476345 0.04690802 0.07158637 0.070525475 0.009101465 0.009085365 0.006441148 0.0064325198 0.0019097863 0.0019037742 0.0 