k=98|alpha=15.61063528060913|eta=41.589754819869995
k=47|alpha=50.20917057991028|eta=35.90409755706787
