							k=20|alpha=0.1|eta=0.1	k=20|alpha=0.5|eta=0.1	k=20|alpha=1.0|eta=0.1	k=20|alpha=10.0|eta=0.1	k=20|alpha=5.0|eta=0.1	k=20|alpha=0.1|eta=0.5	k=20|alpha=0.5|eta=0.5	k=20|alpha=1.0|eta=0.5	k=20|alpha=10.0|eta=0.5	k=20|alpha=5.0|eta=0.5	k=20|alpha=0.1|eta=10.0	k=20|alpha=0.5|eta=10.0	k=20|alpha=1.0|eta=10.0	k=20|alpha=10.0|eta=10.0	k=20|alpha=5.0|eta=10.0	k=20|alpha=0.1|eta=1.0	k=20|alpha=0.5|eta=1.0	k=20|alpha=1.0|eta=1.0	k=20|alpha=10.0|eta=1.0	k=20|alpha=5.0|eta=1.0	k=20|alpha=0.1|eta=5.0	k=20|alpha=0.5|eta=5.0	k=20|alpha=1.0|eta=5.0	k=20|alpha=10.0|eta=5.0	k=20|alpha=5.0|eta=5.0	
k=20|alpha=0.1|eta=0.1		0.0 0.4200492065091726 0.6517832693082528 0.6210805187588735 0.6386058583192694 0.37417246720496916 0.3726010006804279 0.46786121692274374 0.468805502065826 0.4687467057824923 0.4695194899120168 0.5782794871534919 0.5782852927759372 0.5782856919347232 0.5782856795231271 0.3741723125591404 0.5096049593906697 0.5133858895795714 0.5134099667722446 0.5134048818693971 0.4173097113679706 0.5691973329833506 0.5692078671158787 0.5692087122573067 0.5692086984245894 
k=20|alpha=0.5|eta=0.1		0.4200492065091726 0.0 0.6133645864504114 0.6314715651314806 0.6163723213867394 0.41264144825753196 0.4302447986457889 0.41833602212959375 0.41856959833212615 0.41858302676983233 0.4190213572014411 0.4856798538614317 0.4856864962571106 0.4856871411321238 0.48568712958866134 0.3955393458942352 0.4356164398588865 0.43728303831585685 0.43729202145104523 0.437293797423306 0.4003123593683721 0.47622554119648863 0.4762351097837791 0.47623667882521464 0.4762366606540107 
k=20|alpha=1.0|eta=0.1		0.6517832693082528 0.6133645864504114 0.0 0.543611008395842 0.5362643585344076 0.36085391704484615 0.3594555482147128 0.324845375795536 0.32516728085607466 0.32511950939699463 0.32546862195523474 0.35772156308653397 0.3577246257076525 0.35772499855963136 0.3577249913145704 0.34877905206491117 0.3354499511157069 0.33683392234105997 0.33683418606806975 0.3368336627335979 0.3173077008337716 0.3545167683626494 0.35452123610337 0.3545216581605286 0.3545216482384389 
k=20|alpha=10.0|eta=0.1		0.6210805187588735 0.6314715651314806 0.543611008395842 0.0 0.49896031048233436 0.3039140590824259 0.3084074498286015 0.27875325961530906 0.27891850193328677 0.2788798200298079 0.2790901731816863 0.3068684142644101 0.30687246433539955 0.3068727018487819 0.3068726964214898 0.3040111770445821 0.28753808035712086 0.2885559388102824 0.28856631045204484 0.28856192254690655 0.2739420125288602 0.3040201214215428 0.30402648804694765 0.3040269924388519 0.30402698738616807 
k=20|alpha=5.0|eta=0.1		0.6386058583192694 0.6163723213867394 0.5362643585344076 0.49896031048233436 0.0 0.3060609801181706 0.31502468121228855 0.29217556166363 0.29229015908314293 0.292339053988282 0.292684689114023 0.3138726353711304 0.3138758822223803 0.3138761053338323 0.3138761032539507 0.3060609747010956 0.29883693544698986 0.2994169966213096 0.2994146277508103 0.2994193768506448 0.2904695831328788 0.31158188096113115 0.3115892798493407 0.31158968608657006 0.31158968073177506 
k=20|alpha=0.1|eta=0.5		0.37417246720496916 0.41264144825753196 0.36085391704484615 0.3039140590824259 0.3060609801181706 0.0 0.05580281971517934 0.10648596568345162 0.10697554229303202 0.1069606237626509 0.10730749783724217 0.18481318433454655 0.1848177552037629 0.18481811098463602 0.18481810152161512 0.010745478063721423 0.13637966987016226 0.13893407880817132 0.13894640035623743 0.13894395127905704 0.06993695400626516 0.17837117216146103 0.1783790536453528 0.17837993947968359 0.1783799268081391 
k=20|alpha=0.5|eta=0.5		0.3726010006804279 0.4302447986457889 0.3594555482147128 0.3084074498286015 0.31502468121228855 0.05580281971517934 0.0 0.14485939468270806 0.145432928813315 0.14541884602741031 0.14580606048948921 0.23916551475959125 0.23917200047115725 0.23917240011986698 0.2391723891935903 0.02661626924852164 0.1812881033085102 0.18434008733496304 0.1843549583700641 0.18435262428525379 0.09910493496610474 0.23152296023897992 0.23153418219742652 0.2315351701416781 0.23153515619781087 
k=20|alpha=1.0|eta=0.5		0.46786121692274374 0.41833602212959375 0.324845375795536 0.27875325961530906 0.29217556166363 0.10648596568345162 0.14485939468270806 0.0 0.0015799837662925009 0.001582224082687584 0.0015830336787458587 0.01224497303610025 0.012246290795081884 0.01224637227690032 0.012246370031674786 0.013969846169274587 0.003348282971647561 0.003664639038428189 0.0036665296401063715 0.0036663501733065437 0.006239074151776234 0.010734082887222428 0.010736226982406668 0.01073642031759813 0.010736417694072641 
k=20|alpha=10.0|eta=0.5		0.468805502065826 0.41856959833212615 0.32516728085607466 0.27891850193328677 0.29229015908314293 0.10697554229303202 0.145432928813315 0.0015799837662925009 0.0 0.001575340617677712 0.001577696265543528 0.01205858720022466 0.012059899797980951 0.012059980885419963 0.012059978672513563 0.013769300401567224 0.0032734127070263 0.003581596699939426 0.0035832848858651516 0.003582786082803246 0.006130298528564109 0.010560941409130673 0.010563075835344809 0.010563265186730347 0.010563262602692367 
k=20|alpha=5.0|eta=0.5		0.4687467057824923 0.41858302676983233 0.32511950939699463 0.2788798200298079 0.292339053988282 0.1069606237626509 0.14541884602741031 0.001582224082687584 0.001575340617677712 0.0 0.0015724909830568655 0.012075170964620822 0.012076478564252133 0.012076560498823026 0.01207655828183258 0.013786135212150784 0.0032805079023985008 0.0035897466425493917 0.0035916443539765774 0.0035913344686273898 0.006121964567765731 0.010577218008376904 0.01057936071919872 0.010579550902094944 0.01057954830490389 
k=20|alpha=0.1|eta=10.0		0.4695194899120168 0.4190213572014411 0.32546862195523474 0.2790901731816863 0.292684689114023 0.10730749783724217 0.14580606048948921 0.0015830336787458587 0.001577696265543528 0.0015724909830568655 0.0 0.011941939823702898 0.011943242994599814 0.011943323671664112 0.01194332146490288 0.013642532390425776 0.005019238062309703 0.0053593405168905215 0.005360436856852547 0.005359997521516451 0.006117927119721041 0.01045361146639678 0.010455730857775366 0.010455919973008371 0.010455917398740064 
k=20|alpha=0.5|eta=10.0		0.5782794871534919 0.4856798538614317 0.35772156308653397 0.3068684142644101 0.3138726353711304 0.18481318433454655 0.23916551475959125 0.01224497303610025 0.01205858720022466 0.012075170964620822 0.011941939823702898 0.0 9.520244562155069E-4 9.520274067107963E-4 9.520273839439213E-4 9.972976283219095E-4 0.004099581563670025 0.00439712807171975 0.004398084460167384 0.0043977103505757065 9.971979945238847E-4 0.001028151010514708 0.0010283765276008416 0.001028392785971239 0.0010283927085368136 
k=20|alpha=1.0|eta=10.0		0.5782852927759372 0.4856864962571106 0.3577246257076525 0.30687246433539955 0.3138758822223803 0.1848177552037629 0.23917200047115725 0.012246290795081884 0.012059899797980951 0.012076478564252133 0.011943242994599814 9.520244562155069E-4 0.0 9.519932563864849E-4 9.519932336548714E-4 9.971581917199448E-4 0.00409898864771654 0.004396506531310355 0.0043974628230881154 0.004397088713781506 9.970584817281692E-4 0.001028047212387025 0.0010282725948137245 0.0010282888306764582 0.0010282887532857962 
k=20|alpha=10.0|eta=10.0		0.5782856919347232 0.4856871411321238 0.35772499855963136 0.3068727018487819 0.3138761053338323 0.18481811098463602 0.23917240011986698 0.01224637227690032 0.012059980885419963 0.012076560498823026 0.011943323671664112 9.520274067107963E-4 9.519932563864849E-4 0.0 9.519909291258584E-4 9.971496986691077E-4 0.004098946427745278 0.00439646179351826 0.004397418077465667 0.004397044005493962 9.970499872829844E-4 0.001028041310908869 0.0010282666749414015 0.0010282829085664826 0.0010282828311621967 
k=20|alpha=5.0|eta=10.0		0.5782856795231271 0.48568712958866134 0.3577249913145704 0.3068726964214898 0.3138761032539507 0.18481810152161512 0.2391723891935903 0.012246370031674786 0.012059978672513563 0.01207655828183258 0.01194332146490288 9.520273839439213E-4 9.519932336548714E-4 9.519909291258584E-4 0.0 9.971499026645851E-4 0.004098946999119938 0.00439646239549603 0.0043974186794941235 0.00439704460757528 9.970501912770055E-4 0.0010280413794237079 0.0010282667437163946 0.0010282829773482084 0.0010282828999468078 
k=20|alpha=0.1|eta=1.0		0.3741723125591404 0.3955393458942352 0.34877905206491117 0.3040111770445821 0.3060609747010956 0.010745478063721423 0.02661626924852164 0.013969846169274587 0.013769300401567224 0.013786135212150784 0.013642532390425776 9.972976283219095E-4 9.971581917199448E-4 9.971496986691077E-4 9.971499026645851E-4 0.0 0.08852270047127166 0.09055058226212627 0.09056027495562494 0.09055822703920216 0.038458220999481645 0.12217228625512855 0.12217843462157316 0.12217914753581051 0.12217913699577344 
k=20|alpha=0.5|eta=1.0		0.5096049593906697 0.4356164398588865 0.3354499511157069 0.28753808035712086 0.29883693544698986 0.13637966987016226 0.1812881033085102 0.003348282971647561 0.0032734127070263 0.0032805079023985008 0.005019238062309703 0.004099581563670025 0.00409898864771654 0.004098946427745278 0.004098946999119938 0.08852270047127166 0.0 0.0012906665743133913 0.0012908594024434604 0.0012908405786668747 0.00587457575253023 0.004001648309717622 0.0040028168142946146 0.004002923031649712 0.004002921597252496 
k=20|alpha=1.0|eta=1.0		0.5133858895795714 0.43728303831585685 0.33683392234105997 0.2885559388102824 0.2994169966213096 0.13893407880817132 0.18434008733496304 0.003664639038428189 0.003581596699939426 0.0035897466425493917 0.0053593405168905215 0.00439712807171975 0.004396506531310355 0.00439646179351826 0.00439646239549603 0.09055058226212627 0.0012906665743133913 0.0 0.0012653732103548548 0.0012653552170651368 0.005365762684536873 0.003609961209660782 0.003611043695358136 0.003611141217729014 0.003611139895674839 
k=20|alpha=10.0|eta=1.0		0.5134099667722446 0.43729202145104523 0.33683418606806975 0.28856631045204484 0.2994146277508103 0.13894640035623743 0.1843549583700641 0.0036665296401063715 0.0035832848858651516 0.0035916443539765774 0.005360436856852547 0.004398084460167384 0.0043974628230881154 0.004397418077465667 0.0043974186794941235 0.09056027495562494 0.0012908594024434604 0.0012653732103548548 0.0 0.001265284071807536 0.005363349461239865 0.003608145367818953 0.003609227355027386 0.003609324825016669 0.0036093235034567943 
k=20|alpha=5.0|eta=1.0		0.5134048818693971 0.437293797423306 0.3368336627335979 0.28856192254690655 0.2994193768506448 0.13894395127905704 0.18435262428525379 0.0036663501733065437 0.003582786082803246 0.0035913344686273898 0.005359997521516451 0.0043977103505757065 0.004397088713781506 0.004397044005493962 0.00439704460757528 0.09055822703920216 0.0012908405786668747 0.0012653552170651368 0.001265284071807536 0.0 0.00536378609446718 0.0036084805411436245 0.0036095626557041648 0.0036096601591905056 0.0036096588379919336 
k=20|alpha=0.1|eta=5.0		0.4173097113679706 0.4003123593683721 0.3173077008337716 0.2739420125288602 0.2904695831328788 0.06993695400626516 0.09910493496610474 0.006239074151776234 0.006130298528564109 0.006121964567765731 0.006117927119721041 9.971979945238847E-4 9.970584817281692E-4 9.970499872829844E-4 9.970501912770055E-4 0.038458220999481645 0.00587457575253023 0.005365762684536873 0.005363349461239865 0.00536378609446718 0.0 0.027673919019434976 0.027677513542650033 0.02767783272390099 0.02767782834151942 
k=20|alpha=0.5|eta=5.0		0.5691973329833506 0.47622554119648863 0.3545167683626494 0.3040201214215428 0.31158188096113115 0.17837117216146103 0.23152296023897992 0.010734082887222428 0.010560941409130673 0.010577218008376904 0.01045361146639678 0.001028151010514708 0.001028047212387025 0.001028041310908869 0.0010280413794237079 0.12217228625512855 0.004001648309717622 0.003609961209660782 0.003608145367818953 0.0036084805411436245 0.027673919019434976 0.0 9.898281345523557E-4 9.898328382135421E-4 9.898327715387833E-4 
k=20|alpha=1.0|eta=5.0		0.5692078671158787 0.4762351097837791 0.35452123610337 0.30402648804694765 0.3115892798493407 0.1783790536453528 0.23153418219742652 0.010736226982406668 0.010563075835344809 0.01057936071919872 0.010455730857775366 0.0010283765276008416 0.0010282725948137245 0.0010282666749414015 0.0010282667437163946 0.12217843462157316 0.0040028168142946146 0.003611043695358136 0.003609227355027386 0.0036095626557041648 0.027677513542650033 9.898281345523557E-4 0.0 9.897748629252043E-4 9.89774796016598E-4 
k=20|alpha=10.0|eta=5.0		0.5692087122573067 0.47623667882521464 0.3545216581605286 0.3040269924388519 0.31158968608657006 0.17837993947968359 0.2315351701416781 0.01073642031759813 0.010563265186730347 0.010579550902094944 0.010455919973008371 0.001028392785971239 0.0010282888306764582 0.0010282829085664826 0.0010282829773482084 0.12217914753581051 0.004002923031649712 0.003611141217729014 0.003609324825016669 0.0036096601591905056 0.02767783272390099 9.898328382135421E-4 9.897748629252043E-4 0.0 9.897709583608018E-4 
k=20|alpha=5.0|eta=5.0		0.5692086984245894 0.4762366606540107 0.3545216482384389 0.30402698738616807 0.31158968073177506 0.1783799268081391 0.23153515619781087 0.010736417694072641 0.010563262602692367 0.01057954830490389 0.010455917398740064 0.0010283927085368136 0.0010282887532857962 0.0010282828311621967 0.0010282828999468078 0.12217913699577344 0.004002921597252496 0.003611139895674839 0.0036093235034567943 0.0036096588379919336 0.02767782834151942 9.898327715387833E-4 9.89774796016598E-4 9.897709583608018E-4 0.0 