							k=4|alpha=19.5324869054|eta=38.4342190696	k=6|alpha=48.8240694854|eta=45.5344226666	k=3|alpha=39.644259069|eta=7.01151679202	k=2|alpha=29.2054653531|eta=3.55642843174	k=7|alpha=42.1023405907|eta=42.7188879651	k=3|alpha=47.7056556359|eta=8.21534616918	k=7|alpha=39.0908228551|eta=45.7419092517	k=4|alpha=3.32480127492|eta=47.1764178719	k=4|alpha=48.5236033797|eta=35.2954353865	k=1|alpha=8.72463314998|eta=1.60286602814	k=10|alpha=49.7091843224|eta=38.6222729959	k=6|alpha=8.24769430044|eta=45.1179173116	k=5|alpha=4.1756568522|eta=19.5299630485	k=5|alpha=47.0811187131|eta=5.99065904574	k=4|alpha=20.0386262158|eta=21.2188443033	k=1|alpha=1.30426211328|eta=17.208973173	k=2|alpha=31.5754236245|eta=8.49589787242	k=3|alpha=17.645633366|eta=27.5747569778	k=9|alpha=18.9500040761|eta=33.3395372258	k=3|alpha=30.7361034358|eta=14.4807010344	k=8|alpha=9.96972511454|eta=22.8710430788	k=10|alpha=23.9170899478|eta=19.0177066479	k=8|alpha=12.5942884785|eta=7.09801776017	k=6|alpha=36.1181073436|eta=38.5321169728	k=2|alpha=13.1482556099|eta=17.6854646061	k=2|alpha=23.1383184834|eta=30.6604059368	k=7|alpha=16.1747325484|eta=19.3842256033	k=9|alpha=5.6019002708|eta=19.1178383624	k=8|alpha=0.501478699649|eta=45.0579342319	k=8|alpha=41.1110211436|eta=19.2050409571	
k=4|alpha=19.5324869054|eta=38.4342190696		0.0 9.611141125147927E-4 0.0032582805673085353 0.015222446777174471 9.637490095093436E-4 0.0026365921674920373 9.658408475616818E-4 9.537870862962229E-4 9.573075750416674E-4 0.07759587955617026 9.716830310808304E-4 9.60848435753229E-4 9.910150858410008E-4 0.0020741487172842507 0.00101956823751679 0.0043196434978669054 0.004391563326802468 0.0010261841043699978 9.638550710735556E-4 0.0014322092724612817 9.535684916585944E-4 9.537889380083248E-4 0.0011903401745478636 9.568620802092954E-4 0.0017310811239605623 0.001144801230035211 9.588613214293458E-4 9.535312069241125E-4 9.695245940753459E-4 9.547945646112141E-4 
k=6|alpha=48.8240694854|eta=45.5344226666		9.611141125147927E-4 0.0 0.0036289326914652753 0.016147693981085207 9.360690102254703E-4 0.0029532151919715293 9.357392168583573E-4 9.472312718591569E-4 9.696526996780955E-4 0.0797575997067436 9.357177420175112E-4 9.369864605977046E-4 0.0010360069059241162 0.0023319229321315943 0.0010800931560186482 0.004768177627243542 0.004844810664713478 0.0010898013599622777 9.360356324315167E-4 0.0015997831649011357 9.487930817600279E-4 9.467893721137275E-4 0.0013074886676056109 9.398385553053172E-4 0.0019454108365338652 0.0012497393714798353 9.742187980850716E-4 9.524523324237988E-4 9.355958798596754E-4 9.61071014827652E-4 
k=3|alpha=39.644259069|eta=7.01151679202		0.0032582805673085353 0.0036289326914652753 0.0 0.00649631372554723 0.0036759723886424798 0.001222549453405166 0.003706985644808444 0.0034132727756125756 0.0031907765682752613 0.05402330666589827 0.0037829136371100884 0.0036274427752906327 0.002833865280881877 0.0013637512952039252 0.002676143297172337 0.0013219918169192527 0.0013370165891353487 0.002646034677233549 0.0036775839525982866 0.0018054039348743458 0.0033918157319058817 0.003418368818908592 0.002166065173385663 0.003541681291443468 0.0015446393378115923 0.0022694606346548114 0.0031562045885505366 0.0033475977879529285 0.003756096194116334 0.003260306388998609 
k=2|alpha=29.2054653531|eta=3.55642843174		0.015222446777174471 0.016147693981085207 0.00649631372554723 0.0 0.016284864391549355 0.007535835000356169 0.016359872340152543 0.01563757740083844 0.015070934400712246 0.02660579059014423 0.01654240741149436 0.01616692495908152 0.014118904314768359 0.008746199876937788 0.013677595302279794 0.0052150156804599895 0.005126258832470393 0.01359142880572239 0.01628875204049005 0.010848454230546622 0.015583694313793655 0.01565042865563101 0.012127535769478434 0.01595662168722699 0.009734411703864406 0.012459593026104873 0.014981151458598541 0.01547218187015399 0.0164780947324145 0.01525028061155509 
k=7|alpha=42.1023405907|eta=42.7188879651		9.637490095093436E-4 9.360690102254703E-4 0.0036759723886424798 0.016284864391549355 0.0 0.0029908773354296336 9.342597376917359E-4 9.48408526409218E-4 9.729628720321966E-4 0.08000376206568456 9.335774801413663E-4 9.362117803088278E-4 0.001043000409248473 0.0023629364151524037 0.001088839543794781 0.004820749081836659 0.004897913256207271 0.0010988966456471807 9.348140960186606E-4 0.0016206095357124653 9.501716912759909E-4 9.479144212653718E-4 0.0013226256873117136 9.398343318945586E-4 0.001971513320832723 0.0012634979605862771 9.778687779297694E-4 9.542480102432306E-4 9.336854056318909E-4 9.636967331315979E-4 
k=3|alpha=47.7056556359|eta=8.21534616918		0.0026365921674920373 0.0029532151919715293 0.001222549453405166 0.007535835000356169 0.0029908773354296336 0.0 0.0030213089020954867 0.002769441315762119 0.002580529838830225 0.057249989063341944 0.003086828515235049 0.002952840762361711 0.0022816913879497055 0.0011922601290688534 0.0021516308728496856 0.0014903369939457262 0.0015138514242493159 0.0021269940235050075 0.002995982213812386 0.001471803144991405 0.002751142707472004 0.0027737830211705763 0.0017429597438664614 0.0028792394233642417 0.0012942617380643179 0.0018240545716427315 0.0025513408408552587 0.002713506633259163 0.003063671369159937 0.0026393558076106645 
k=7|alpha=39.0908228551|eta=45.7419092517		9.658408475616818E-4 9.357392168583573E-4 0.003706985644808444 0.016359872340152543 9.342597376917359E-4 0.0030213089020954867 0.0 9.494707787303055E-4 9.755262419117321E-4 0.08017647228779647 9.323048283764869E-4 9.359002591759416E-4 0.0010481557716286597 0.0023849771043041425 0.001095228646129898 0.004857892925254296 0.004935430484734736 0.0011055310089291034 9.341880822523219E-4 0.001635498539047162 9.513757615257196E-4 9.489399356264534E-4 0.0013335100481129574 9.400650869471752E-4 0.0019901135926361445 0.0012734136946659172 9.80671228762789E-4 9.557455073085719E-4 9.325744742274155E-4 9.657780173778518E-4 
k=4|alpha=3.32480127492|eta=47.1764178719		9.537870862962229E-4 9.472312718591569E-4 0.0034132727756125756 0.01563757740083844 9.48408526409218E-4 0.002769441315762119 9.494707787303055E-4 0.0 9.587317923076913E-4 0.07850063364695804 9.528249845079259E-4 9.470690958679245E-4 0.0010061617325764776 0.002178706666127827 0.0010412421249188285 0.004504363844615731 0.004578264999885036 0.0010491573533910619 9.484167950387228E-4 0.001498862001502272 9.478008202888429E-4 9.470939157022899E-4 0.0012358066410265668 9.459525172534438E-4 0.0018173817431764933 0.001185136062249334 9.615513359123197E-4 9.493163293791842E-4 9.515211311031095E-4 9.536695419560868E-4 
k=4|alpha=48.5236033797|eta=35.2954353865		9.573075750416674E-4 9.696526996780955E-4 0.0031907765682752613 0.015070934400712246 9.729628720321966E-4 0.002580529838830225 9.755262419117321E-4 9.587317923076913E-4 0.0 0.07716766347771875 9.825452871827273E-4 9.692924594214838E-4 9.8569722351166E-4 0.0020263307499566474 0.0010111421622087929 0.004233720080070918 0.004304697668521138 0.0010171401173195177 9.730872074770869E-4 0.0014024036706429882 9.581988381192257E-4 9.588606183849726E-4 0.001170606605145441 9.63939543945839E-4 0.0016919389800184967 0.001127504385297 9.594685899355574E-4 9.574229888641936E-4 9.799771240851982E-4 9.572130773085968E-4 
k=1|alpha=8.72463314998|eta=1.60286602814		0.07759587955617026 0.0797575997067436 0.05402330666589827 0.02660579059014423 0.08000376206568456 0.057249989063341944 0.08017647228779647 0.07850063364695804 0.07716766347771875 0.0 0.08059536217365106 0.07973014774298057 0.07488949240389868 0.06083344133031176 0.07381677364639434 0.049550432661066277 0.049228482067808374 0.07360579893210628 0.08001152393328578 0.06662801050857146 0.07837312626655148 0.07852931670447301 0.06995171950835921 0.07924259415859744 0.06361518748309844 0.07079249020160307 0.07695374937007318 0.07811176939356265 0.08044763026517254 0.07759029153233336 
k=10|alpha=49.7091843224|eta=38.6222729959		9.716830310808304E-4 9.357177420175112E-4 0.0037829136371100884 0.01654240741149436 9.335774801413663E-4 0.003086828515235049 9.323048283764869E-4 9.528249845079259E-4 9.825452871827273E-4 0.08059536217365106 0.0 9.359617247279615E-4 0.0010614399975095734 0.0024391779960233994 0.0011114982281568088 0.004948768370044434 0.005027211627295851 0.0011223956235083446 9.33488928051928E-4 0.0016723556443494208 9.551027199310929E-4 9.522351556640196E-4 0.0013606699797661913 9.414381900403893E-4 0.0020359618408576645 0.0012982254963365516 9.882642581469912E-4 9.601823361100148E-4 9.307025576101182E-4 9.716273743930917E-4 
k=6|alpha=8.24769430044|eta=45.1179173116		9.60848435753229E-4 9.369864605977046E-4 0.0036274427752906327 0.01616692495908152 9.362117803088278E-4 0.002952840762361711 9.359002591759416E-4 9.470690958679245E-4 9.692924594214838E-4 0.07973014774298057 9.359617247279615E-4 0.0 0.001035259121084271 0.0023285979418318317 0.0010791572929707257 0.004762539439986113 0.004839114766645556 0.0010888279336114318 9.361697180248368E-4 0.0015975496861151013 9.486479429961349E-4 9.466715723000018E-4 0.0013058665561394855 9.398419429456147E-4 0.0019426104353019856 0.0012482650826340595 9.738298875518715E-4 9.52262503492149E-4 9.358051005080505E-4 9.607921195093488E-4 
k=5|alpha=4.1756568522|eta=19.5299630485		9.910150858410008E-4 0.0010360069059241162 0.002833865280881877 0.014118904314768359 0.001043000409248473 0.0022816913879497055 0.0010481557716286597 0.0010061617325764776 9.8569722351166E-4 0.07488949240389868 0.0010614399975095734 0.001035259121084271 0.0 0.0017911875282932382 9.870189871235369E-4 0.0037943871074835028 0.003860316030303364 9.89747473623733E-4 0.0010434067651038273 0.0012637925677242109 0.0010038872712136919 0.0010069014890276926 0.0010859488775852696 0.001022717501977789 0.0015032975762417637 0.0010559105396886084 9.836501989096398E-4 9.991620909598274E-4 0.001056818881279196 9.910245606329243E-4 
k=5|alpha=47.0811187131|eta=5.99065904574		0.0020741487172842507 0.0023319229321315943 0.0013637512952039252 0.008746199876937788 0.0023629364151524037 0.0011922601290688534 0.0023849771043041425 0.002178706666127827 0.0020263307499566474 0.06083344133031176 0.0024391779960233994 0.0023285979418318317 0.0017911875282932382 0.0 0.001694788366874035 0.0017835357872322728 0.0018162944798538923 0.0016760348547436446 0.0023700454818566027 0.0012205466008387107 0.0021692670492591787 0.0021876927338648263 0.0013953036374187103 0.0022739163108546167 0.0011331019069717545 0.0014523954054302302 0.002008022831551558 0.0021387018392015713 0.0024260904016418514 0.0020786985207166203 
k=4|alpha=20.0386262158|eta=21.2188443033		0.00101956823751679 0.0010800931560186482 0.002676143297172337 0.013677595302279794 0.001088839543794781 0.0021516308728496856 0.001095228646129898 0.0010412421249188285 0.0010111421622087929 0.07381677364639434 0.0011114982281568088 0.0010791572929707257 9.870189871235369E-4 0.001694788366874035 0.0 0.003596726076018221 0.003660244434974676 9.889161045534042E-4 0.0010892944291060803 0.0012097560618626838 0.0010380344632353342 0.0010421685072726087 0.0010577246368911467 0.0010631172390662654 0.0014253636961665938 0.0010339340120409082 0.0010075013924740201 0.001031419667365762 0.0011058082977037902 0.001019487106865003 
k=1|alpha=1.30426211328|eta=17.208973173		0.0043196434978669054 0.004768177627243542 0.0013219918169192527 0.0052150156804599895 0.004820749081836659 0.0014903369939457262 0.004857892925254296 0.004504363844615731 0.004233720080070918 0.049550432661066277 0.004948768370044434 0.004762539439986113 0.0037943871074835028 0.0017835357872322728 0.003596726076018221 0.0 0.0012511441230288012 0.0035581310379154017 0.00482239845725371 0.002451792837750517 0.0044780401439657724 0.0045102095021370674 0.0029407274004300157 0.004659076069181445 0.0020718932916661305 0.0030760574540328912 0.00419116728373395 0.004424425453388829 0.0049163965601664765 0.0043183246304122095 
k=2|alpha=31.5754236245|eta=8.49589787242		0.004391563326802468 0.004844810664713478 0.0013370165891353487 0.005126258832470393 0.004897913256207271 0.0015138514242493159 0.004935430484734736 0.004578264999885036 0.004304697668521138 0.049228482067808374 0.005027211627295851 0.004839114766645556 0.003860316030303364 0.0018162944798538923 0.003660244434974676 0.0012511441230288012 0.0 0.0036342380487626924 0.004915963871718827 0.0025080124949213266 0.004567206898953289 0.004599795901408236 0.0030065569502003868 0.004750584687421425 0.0021192158097522286 0.003144266738776075 0.0042764952795202055 0.004512889238328125 0.005011124986160785 0.004405378119041418 
k=3|alpha=17.645633366|eta=27.5747569778		0.0010261841043699978 0.0010898013599622777 0.002646034677233549 0.01359142880572239 0.0010988966456471807 0.0021269940235050075 0.0011055310089291034 0.0010491573533910619 0.0010171401173195177 0.07360579893210628 0.0011223956235083446 0.0010888279336114318 9.89747473623733E-4 0.0016760348547436446 9.889161045534042E-4 0.0035581310379154017 0.0036342380487626924 0.0 0.0010992419634984797 0.001200075757096171 0.0010456507584942819 0.0010500058054802525 0.0010530858932524566 0.0010719734543551435 0.0014109579101092796 0.0010305210299407562 0.0010130786951187637 0.0010386618926237713 0.0011163728426790017 0.001025978904776054 
k=9|alpha=18.9500040761|eta=33.3395372258		9.638550710735556E-4 9.360356324315167E-4 0.0036775839525982866 0.01628875204049005 9.348140960186606E-4 0.002995982213812386 9.341880822523219E-4 9.484167950387228E-4 9.730872074770869E-4 0.08001152393328578 9.33488928051928E-4 9.361697180248368E-4 0.0010434067651038273 0.0023700454818566027 0.0010892944291060803 0.00482239845725371 0.004915963871718827 0.0010992419634984797 0.0 0.0016213796806460409 9.502195519512369E-4 9.479527982187648E-4 0.0013231835974764363 9.398335652389794E-4 0.0019724786401942064 0.0012640054954469277 9.780009327296831E-4 9.543113745904769E-4 9.336207658015462E-4 9.637906926316012E-4 
k=3|alpha=30.7361034358|eta=14.4807010344		0.0014322092724612817 0.0015997831649011357 0.0018054039348743458 0.010848454230546622 0.0016206095357124653 0.001471803144991405 0.001635498539047162 0.001498862001502272 0.0014024036706429882 0.06662801050857146 0.0016723556443494208 0.0015975496861151013 0.0012637925677242109 0.0012205466008387107 0.0012097560618626838 0.002451792837750517 0.0025080124949213266 0.001200075757096171 0.0016213796806460409 0.0 0.001489954762087593 0.0015018126009144186 0.0010803062656641771 0.0015581120675025701 0.0011066289244731754 0.0011000158748310886 0.001388665728674474 0.0014703904048451396 0.0016600911161545782 0.0014323925253502353 
k=8|alpha=9.96972511454|eta=22.8710430788		9.535684916585944E-4 9.487930817600279E-4 0.0033918157319058817 0.015583694313793655 9.501716912759909E-4 0.002751142707472004 9.513757615257196E-4 9.478008202888429E-4 9.581988381192257E-4 0.07837312626655148 9.551027199310929E-4 9.486479429961349E-4 0.0010038872712136919 0.0021692670492591787 0.0010380344632353342 0.0044780401439657724 0.004567206898953289 0.0010456507584942819 9.502195519512369E-4 0.001489954762087593 0.0 9.477588556167956E-4 0.0012292218367635107 9.472033433782116E-4 0.0018051135553753435 0.0011792634326840534 9.609161271713296E-4 9.496373545567205E-4 9.537555001698892E-4 9.535630469887739E-4 
k=10|alpha=23.9170899478|eta=19.0177066479		9.537889380083248E-4 9.467893721137275E-4 0.003418368818908592 0.01565042865563101 9.479144212653718E-4 0.0027737830211705763 9.489399356264534E-4 9.470939157022899E-4 9.588606183849726E-4 0.07852931670447301 9.522351556640196E-4 9.466715723000018E-4 0.0010069014890276926 0.0021876927338648263 0.0010421685072726087 0.0045102095021370674 0.004599795901408236 0.0010500058054802525 9.479527982187648E-4 0.0015018126009144186 9.477588556167956E-4 0.0 0.001237562770160978 9.457489057652804E-4 0.0018205442571453776 0.0011867139727409928 9.618303190455297E-4 9.493522371403455E-4 9.510819431955688E-4 9.538141779951359E-4 
k=8|alpha=12.5942884785|eta=7.09801776017		0.0011903401745478636 0.0013074886676056109 0.002166065173385663 0.012127535769478434 0.0013226256873117136 0.0017429597438664614 0.0013335100481129574 0.0012358066410265668 0.001170606605145441 0.06995171950835921 0.0013606699797661913 0.0013058665561394855 0.0010859488775852696 0.0013953036374187103 0.0010577246368911467 0.0029407274004300157 0.0030065569502003868 0.0010530858932524566 0.0013231835974764363 0.0010803062656641771 0.0012292218367635107 0.001237562770160978 0.0 0.001279704745234265 0.0012099451644181035 0.0010229247543002994 0.0011636724957232757 0.0012182749217002008 0.0013538655715296932 0.001192500228676861 
k=6|alpha=36.1181073436|eta=38.5321169728		9.568620802092954E-4 9.398385553053172E-4 0.003541681291443468 0.01595662168722699 9.398343318945586E-4 0.0028792394233642417 9.400650869471752E-4 9.459525172534438E-4 9.63939543945839E-4 0.07924259415859744 9.414381900403893E-4 9.398419429456147E-4 0.001022717501977789 0.0022739163108546167 0.0010631172390662654 0.004659076069181445 0.004750584687421425 0.0010719734543551435 9.398335652389794E-4 0.0015581120675025701 9.472033433782116E-4 9.457489057652804E-4 0.001279704745234265 0.0 0.0018919182607162492 0.0012221251388946927 9.678123675702081E-4 9.499423299935494E-4 9.408742719493303E-4 9.568173823236135E-4 
k=2|alpha=13.1482556099|eta=17.6854646061		0.0017310811239605623 0.0019454108365338652 0.0015446393378115923 0.009734411703864406 0.001971513320832723 0.0012942617380643179 0.0019901135926361445 0.0018173817431764933 0.0016919389800184967 0.06361518748309844 0.0020359618408576645 0.0019426104353019856 0.0015032975762417637 0.0011331019069717545 0.0014253636961665938 0.0020718932916661305 0.0021192158097522286 0.0014109579101092796 0.0019724786401942064 0.0011066289244731754 0.0018051135553753435 0.0018205442571453776 0.0012099451644181035 0.0018919182607162492 0.0 0.0012473711321266548 0.0016731644629219312 0.0017800216533272678 0.002019904001447906 0.0017307205888191235 
k=2|alpha=23.1383184834|eta=30.6604059368		0.001144801230035211 0.0012497393714798353 0.0022694606346548114 0.012459593026104873 0.0012634979605862771 0.0018240545716427315 0.0012734136946659172 0.001185136062249334 0.001127504385297 0.07079249020160307 0.0012982254963365516 0.0012482650826340595 0.0010559105396886084 0.0014523954054302302 0.0010339340120409082 0.0030760574540328912 0.003144266738776075 0.0010305210299407562 0.0012640054954469277 0.0011000158748310886 0.0011792634326840534 0.0011867139727409928 0.0010229247543002994 0.0012221251388946927 0.0012473711321266548 0.0 0.0011195565375439645 0.0011674506086085945 0.001289657414798373 0.0011447056705177774 
k=7|alpha=16.1747325484|eta=19.3842256033		9.588613214293458E-4 9.742187980850716E-4 0.0031562045885505366 0.014981151458598541 9.778687779297694E-4 0.0025513408408552587 9.80671228762789E-4 9.615513359123197E-4 9.594685899355574E-4 0.07695374937007318 9.882642581469912E-4 9.738298875518715E-4 9.836501989096398E-4 0.002008022831551558 0.0010075013924740201 0.00419116728373395 0.0042764952795202055 0.0010130786951187637 9.780009327296831E-4 0.001388665728674474 9.609161271713296E-4 9.618303190455297E-4 0.0011636724957232757 9.678123675702081E-4 0.0016731644629219312 0.0011195565375439645 0.0 9.59865818784129E-4 9.856752277909826E-4 9.589363866654929E-4 
k=9|alpha=5.6019002708|eta=19.1178383624		9.535312069241125E-4 9.524523324237988E-4 0.0033475977879529285 0.01547218187015399 9.542480102432306E-4 0.002713506633259163 9.557455073085719E-4 9.493163293791842E-4 9.574229888641936E-4 0.07811176939356265 9.601823361100148E-4 9.52262503492149E-4 9.991620909598274E-4 0.0021387018392015713 0.001031419667365762 0.004424425453388829 0.004512889238328125 0.0010386618926237713 9.543113745904769E-4 0.0014703904048451396 9.496373545567205E-4 9.493522371403455E-4 0.0012182749217002008 9.499423299935494E-4 0.0017800216533272678 0.0011674506086085945 9.59865818784129E-4 0.0 9.585933548539635E-4 9.535215302704461E-4 
k=8|alpha=0.501478699649|eta=45.0579342319		9.695245940753459E-4 9.355958798596754E-4 0.003756096194116334 0.0164780947324145 9.336854056318909E-4 0.003063671369159937 9.325744742274155E-4 9.515211311031095E-4 9.799771240851982E-4 0.08044763026517254 9.307025576101182E-4 9.358051005080505E-4 0.001056818881279196 0.0024260904016418514 0.0011058082977037902 0.0049163965601664765 0.005011124986160785 0.0011163728426790017 9.336207658015462E-4 0.0016600911161545782 9.537555001698892E-4 9.510819431955688E-4 0.0013538655715296932 9.408742719493303E-4 0.002019904001447906 0.001289657414798373 9.856752277909826E-4 9.585933548539635E-4 0.0 9.695039060491158E-4 
k=8|alpha=41.1110211436|eta=19.2050409571		9.547945646112141E-4 9.61071014827652E-4 0.003260306388998609 0.01525028061155509 9.636967331315979E-4 0.0026393558076106645 9.657780173778518E-4 9.536695419560868E-4 9.572130773085968E-4 0.07759029153233336 9.716273743930917E-4 9.607921195093488E-4 9.910245606329243E-4 0.0020786985207166203 0.001019487106865003 0.0043183246304122095 0.004405378119041418 0.001025978904776054 9.637906926316012E-4 0.0014323925253502353 9.535630469887739E-4 9.538141779951359E-4 0.001192500228676861 9.568173823236135E-4 0.0017307205888191235 0.0011447056705177774 9.589363866654929E-4 9.535215302704461E-4 9.695039060491158E-4 0.0 