							k=4|alpha=4.516652226448059|eta=8.13213735818863	k=1|alpha=11.789508163928986|eta=21.923190355300903	k=3|alpha=12.480241060256958|eta=20.87850123643875	k=17|alpha=0.5670234560966492|eta=17.569437623023987	k=6|alpha=19.73382830619812|eta=21.090005338191986	k=17|alpha=11.163157224655151|eta=7.015757262706757	k=12|alpha=12.548986077308655|eta=20.597054064273834	k=4|alpha=19.356240332126617|eta=20.378367602825165	k=2|alpha=2.957671880722046|eta=24.136775732040405	k=9|alpha=4.001343250274658|eta=3.6188066005706787	k=13|alpha=20.73395550251007|eta=22.625167667865753	k=4|alpha=4.337313771247864|eta=11.665074527263641	k=8|alpha=18.95911544561386|eta=14.652453362941742	k=4|alpha=23.916341364383698|eta=3.941226005554199	k=12|alpha=11.891074478626251|eta=6.254981458187103	k=5|alpha=19.12919133901596|eta=24.470749497413635	k=9|alpha=5.656357109546661|eta=7.293243706226349	k=16|alpha=24.966159462928772|eta=5.0545379519462585	k=7|alpha=21.8318372964859|eta=11.887940764427185	k=2|alpha=21.736635267734528|eta=0.4348859190940857	k=14|alpha=20.044511556625366|eta=13.680978119373322	k=5|alpha=1.6934216022491455|eta=0.9815841913223267	k=8|alpha=23.270033299922943|eta=22.344087064266205	k=7|alpha=19.887220859527588|eta=0.8829966187477112	k=18|alpha=19.60384249687195|eta=2.708826959133148	
k=4|alpha=4.516652226448059|eta=8.13213735818863		0.0 122.85548 127.12969 127.131905 132.54202 132.13635 132.1489 129.29582 125.039986 122.8574 122.870926 124.785835 124.79567 130.65648 128.62267 128.62778 127.50428 127.53382 129.23228 129.46375 134.93912 134.94147 134.58781 134.58879 125.1019 
k=1|alpha=11.789508163928986|eta=21.923190355300903		122.85548 0.0 133.66586 133.66945 142.29587 141.68544 141.70544 137.27632 129.7839 124.040115 124.07588 129.25974 129.28668 130.65335 128.60687 136.19214 134.31134 134.36174 137.17413 137.5454 145.8184 145.8218 145.30962 145.31102 129.89584 
k=3|alpha=12.480241060256958|eta=20.87850123643875		127.12969 133.66586 0.0 125.43285 127.25063 127.0735 127.07781 125.98545 125.341965 125.34338 127.112946 125.38104 125.38104 127.021774 125.77947 125.78185 125.50434 125.51012 125.96477 126.04037 128.39012 128.39122 128.21478 128.21529 125.33071 
k=17|alpha=0.5670234560966492|eta=17.569437623023987		127.131905 133.66945 125.43285 0.0 127.72713 127.72713 127.70781 127.708275 128.37022 131.206 127.759285 127.759735 127.78058 127.782455 128.60841 127.748085 127.74867 128.38199 128.31403 128.31613 128.3883 128.38939 128.21301 128.2135 131.07521 
k=6|alpha=19.73382830619812|eta=21.090005338191986		132.54202 142.29587 127.25063 127.72713 0.0 127.72616 127.70729 127.70776 128.36873 131.2035 127.75878 127.75923 127.77953 127.7814 128.60681 127.74708 127.747665 128.38046 128.31255 128.31465 127.65456 127.65482 127.64902 127.64922 131.07285 
k=17|alpha=11.163157224655151|eta=7.015757262706757		132.13635 141.68544 127.0735 127.72713 127.72616 0.0 126.86789 126.833206 126.8347 128.36531 127.75566 127.75621 126.8565 126.8565 126.908424 126.8843 126.8843 126.83485 126.82061 126.821526 127.3007 127.30106 127.22444 127.22467 128.2802 
k=12|alpha=12.548986077308655|eta=20.597054064273834		132.1489 141.70544 127.07781 127.70781 127.70729 126.86789 0.0 127.63246 128.07886 130.71028 127.75072 127.75127 127.585075 127.58653 128.29144 127.56191 127.562386 128.08879 128.0293 128.03119 127.54753 127.547646 127.531876 127.53204 130.58669 
k=4|alpha=19.356240332126617|eta=20.378367602825165		129.29582 137.27632 125.98545 127.708275 127.70776 126.833206 127.63246 0.0 128.0783 130.70892 128.34619 127.70166 127.58487 127.58632 128.29077 127.56175 127.562225 128.08826 128.02876 128.03062 127.634155 127.63488 127.531876 127.53204 130.58537 
k=2|alpha=2.957671880722046|eta=24.136775732040405		125.039986 129.7839 125.341965 128.37022 128.36873 126.8347 128.07886 128.0783 0.0 126.43493 128.346 126.5485 126.5485 128.03555 126.07271 126.07594 125.97206 125.97427 126.39991 126.52768 129.92322 129.92473 129.68901 129.68967 126.39168 
k=9|alpha=4.001343250274658|eta=3.6188066005706787		122.8574 124.040115 125.34338 131.206 131.2035 128.36531 130.71028 130.70892 126.43493 0.0 125.03393 124.8028 124.812645 130.71352 128.64017 128.6454 127.521065 127.551445 129.24991 129.48123 134.95758 134.96 134.60617 134.60709 125.11809 
k=13|alpha=20.73395550251007|eta=22.625167667865753		122.870926 124.07588 127.112946 127.759285 127.75878 127.75566 127.75072 128.34619 128.346 125.03393 0.0 127.75456 127.76486 130.7025 128.5964 128.60158 127.73365 128.35884 129.20331 129.43378 134.88881 134.89117 134.53862 134.53966 131.03717 
k=4|alpha=4.337313771247864|eta=11.665074527263641		124.785835 129.25974 125.38104 127.759735 127.75923 127.75621 127.75127 127.70166 126.5485 124.8028 127.75456 0.0 127.764626 128.2497 128.58293 127.73286 127.73344 128.35835 128.29106 128.29315 130.21576 130.21736 129.97266 129.97334 131.03625 
k=8|alpha=18.95911544561386|eta=14.652453362941742		124.79567 129.28668 125.38104 127.78058 127.77953 126.8565 127.585075 127.58487 126.5485 124.812645 127.76486 127.764626 0.0 128.22853 126.73957 126.74107 126.827675 126.68661 126.67956 126.68036 130.1892 130.19075 129.9467 129.94739 127.96507 
k=4|alpha=23.916341364383698|eta=3.941226005554199		130.65648 130.65335 127.021774 127.782455 127.7814 126.8565 127.58653 127.58632 128.03555 130.71352 130.7025 128.2497 128.22853 0.0 126.73526 149.85533 147.14998 147.22206 151.24785 151.77188 163.0919 163.09642 162.4115 159.29156 140.54276 
k=12|alpha=11.891074478626251|eta=6.254981458187103		128.62267 128.60687 125.77947 128.60841 128.60681 126.908424 128.29144 128.29077 126.07271 128.64017 128.5964 128.58293 126.73957 126.73526 0.0 149.67932 146.98344 147.05504 151.06822 151.58997 162.87624 162.88066 162.19786 159.16237 140.40002 
k=5|alpha=19.12919133901596|eta=24.470749497413635		128.62778 136.19214 125.78185 127.748085 127.74708 126.8843 127.56191 127.56175 126.07594 128.6454 128.60158 127.73286 126.74107 149.85533 149.67932 0.0 126.85801 126.76877 126.757614 126.75849 127.80696 127.80779 127.66542 127.66581 128.1422 
k=9|alpha=5.656357109546661|eta=7.293243706226349		127.50428 134.31134 125.50434 127.74867 127.747665 126.8843 127.562386 127.562225 125.97206 127.521065 127.73365 127.73344 126.827675 147.14998 146.98344 126.85801 0.0 126.768 126.75686 126.75774 128.21788 128.21889 128.05151 128.05199 128.14038 
k=16|alpha=24.966159462928772|eta=5.0545379519462585		127.53382 134.36174 125.51012 128.38199 128.38046 126.83485 128.08879 128.08826 125.97427 127.551445 128.35884 128.35835 126.68661 147.22206 147.05504 126.76877 126.768 0.0 126.08997 126.12423 128.20216 128.20319 128.03645 128.03693 126.36998 
k=7|alpha=21.8318372964859|eta=11.887940764427185		129.23228 137.17413 125.96477 128.31403 128.31255 126.82061 128.0293 128.02876 126.39991 129.24991 129.20331 128.29106 126.67956 151.24785 151.06822 126.757614 126.75686 126.08997 0.0 126.15014 127.64777 127.64856 127.51867 127.51906 126.48522 
k=2|alpha=21.736635267734528|eta=0.4348859190940857		129.46375 137.5454 126.04037 128.31613 128.31465 126.821526 128.03119 128.03062 126.52768 129.48123 129.43378 128.29315 126.68036 151.77188 151.58997 126.75849 126.75774 126.12423 126.15014 0.0 127.59694 430.9399 433.00995 520.496 521.1017 
k=14|alpha=20.044511556625366|eta=13.680978119373322		134.93912 145.8184 128.39012 128.3883 127.65456 127.3007 127.54753 127.634155 129.92322 134.95758 134.88881 130.21576 130.1892 163.0919 162.87624 127.80696 128.21788 128.20216 127.64777 127.59694 0.0 430.9399 433.00995 520.496 521.1017 
k=5|alpha=1.6934216022491455|eta=0.9815841913223267		134.94147 145.8218 128.39122 128.38939 127.65482 127.30106 127.547646 127.63488 129.92473 134.96 134.89117 130.21736 130.19075 163.09642 162.88066 127.80779 128.21889 128.20319 127.64856 430.9399 430.9399 0.0 127.37723 127.37735 129.81323 
k=8|alpha=23.270033299922943|eta=22.344087064266205		134.58781 145.30962 128.21478 128.21301 127.64902 127.22444 127.531876 127.531876 129.68901 134.60617 134.53862 129.97266 129.9467 162.4115 162.19786 127.66542 128.05151 128.03645 127.51867 433.00995 433.00995 127.37723 0.0 127.34035 129.58371 
k=7|alpha=19.887220859527588|eta=0.8829966187477112		134.58879 145.31102 128.21529 128.2135 127.64922 127.22467 127.53204 127.53204 129.68967 134.60709 134.53966 129.97334 129.94739 159.29156 159.16237 127.66581 128.05199 128.03693 127.51906 520.496 520.496 127.37735 127.34035 0.0 129.5818 
k=18|alpha=19.60384249687195|eta=2.708826959133148		125.1019 129.89584 125.33071 131.07521 131.07285 128.2802 130.58669 130.58537 126.39168 125.11809 131.03717 131.03625 127.96507 140.54276 140.40002 128.1422 128.14038 126.36998 126.48522 521.1017 521.1017 129.81323 129.58371 129.5818 0.0 